  2.3114122e-001
  3.3048107e-001
  1.1523244e-001
  3.3537835e-001
  1.7772999e-001
  2.4730849e-001
  3.3261562e-001
  2.6210462e-001
  9.1903771e-002
  1.0360134e-001
  3.0945355e-001
  1.1420206e-001
  4.5286562e-001
  0.0000000e+000
  0.0000000e+000
  1.1635676e-001
  2.2842580e-001
  3.5500342e-001
  4.2769361e-001
  2.2307812e-001
  2.6980945e-001
  4.6404717e-001
  0.0000000e+000
  0.0000000e+000
  0.0000000e+000
  1.1409220e-001
  3.7723269e-001
  1.4558445e-001
  2.0998566e-001
  0.0000000e+000
  7.8159411e-002
  0.0000000e+000
  2.8259253e-001
  2.1264943e-001
  1.6992046e-001
  1.8862182e-001
  0.0000000e+000
  3.6572730e-001
  4.4415362e-001
  3.2406111e-001
  7.5033074e-002
  3.7436580e-001
  8.3224247e-002
  2.5688277e-001
  2.9552159e-001
  1.1502016e-001
  4.0203074e-002
  0.0000000e+000
  5.1883613e-001
  6.0822837e-001
  5.3486483e-001
  1.0981734e-001
  3.5213517e-002
  2.5446258e-001
  6.5743987e-002
  1.4230421e-001
  2.5245009e-001
  2.8005951e-002
  8.9836308e-002
  2.9302807e-001
  4.1917883e-001
  2.2039228e-001
  0.0000000e+000
  5.5511596e-002
  0.0000000e+000
  1.1564040e-001
  0.0000000e+000
  1.6226235e-001
  4.8485186e-001
  2.4653771e-001
  0.0000000e+000
  0.0000000e+000
  0.0000000e+000
  1.1433593e-002
  4.4906733e-001
  3.5311972e-002
  0.0000000e+000
  2.0320666e-001
  2.8216981e-001
  1.2057682e-001
  2.4393144e-001
  0.0000000e+000
  1.1239237e-001
  5.0090474e-002
  1.7115094e-001
  5.5129640e-001
  5.3897791e-002
  3.7237795e-001
  1.4972191e-001
  2.5105713e-001
  9.0556699e-002
  0.0000000e+000
  2.3242832e-001
  5.1599903e-001
  5.0164004e-001
  0.0000000e+000
  4.8120103e-002
  3.2507571e-001
  0.0000000e+000
  1.6834991e-001
  0.0000000e+000
  2.8000372e-001
  2.3776450e-001
  1.6505930e-001
  1.6001739e-001
  1.9849485e-001
  2.5872882e-002
  3.8760910e-001
  5.9421119e-002
  2.5648881e-002
  4.6326882e-001
  7.0266527e-002
  2.2247561e-001
  1.2463179e-001
  2.5263044e-001
  2.0598224e-001
  2.5834689e-001
  2.1632899e-001
  3.5951929e-001
  0.0000000e+000
  2.4002235e-001
  1.7178410e-001
  1.6933822e-001
  5.7332931e-001
  0.0000000e+000
  4.0467044e-001
  8.9468457e-002
  3.4939074e-001
  1.5187661e-001
  2.4887447e-001
  2.1409543e-001
  1.7711864e-001
  1.2086978e-001
  0.0000000e+000
  8.9885010e-002
  1.9057730e-001
  1.4126987e-001
  0.0000000e+000
  1.4617309e-001
  5.2507487e-001
  1.4482691e-001
  1.9019568e-001
  0.0000000e+000
  5.4825802e-002
  1.5446178e-001
  3.3634367e-001
  1.6420535e-001
  2.2798201e-001
  0.0000000e+000
  3.0925234e-001
  9.6060893e-001
  0.0000000e+000
  2.8830093e-001
  5.4480690e-001
  6.1103129e-001
  1.6650189e-001
  7.8643921e-002
  0.0000000e+000
  2.2174116e-001
  2.5580752e-001
  1.5685979e-001
  3.4739846e-002
  0.0000000e+000
  1.4116141e-001
  3.1905305e-001
  2.7880255e-001
  2.4739801e-001
  2.7200541e-001
  2.0665736e-001
  1.1216870e-001
  1.8994728e-001
  3.0921596e-001
  3.6601451e-002
  2.3684371e-001
  4.0280732e-001
  3.9428886e-002
  1.5686248e-001
  2.3650058e-001
  2.9708282e-001
  2.4326929e-001
  1.2187882e-001
  2.3334431e-001
  7.6101338e-002
  3.5493635e-001
  3.9769385e-002
  4.0736268e-001
  0.0000000e+000
  0.0000000e+000
  1.3647734e-001
  1.8567267e-001
  0.0000000e+000
  1.8605675e-001
  3.5304474e-001
  2.7160690e-001
  2.7972570e-001
  2.2191523e-001
  6.1669446e-001
  0.0000000e+000
  0.0000000e+000
  2.8233030e-001
  1.4284911e-001
  4.3613365e-002
  1.5337666e-001
  3.3516505e-001
  0.0000000e+000
  0.0000000e+000
  6.5227154e-002
  2.9861058e-001
  8.3590518e-002
  3.3034094e-001
  9.9476621e-002
  2.8422912e-001
  6.8014413e-002
  7.2180176e-002
  9.6099665e-002
  0.0000000e+000
  2.6294062e-001
  1.8880070e-001
  2.8901564e-001
  1.7346160e-001
  4.3240037e-001
  2.4964956e-001
  0.0000000e+000
  1.9258271e-001
  1.8249753e-001
  2.7241195e-001
  0.0000000e+000
  2.2009174e-001
  1.7171762e-001
  3.5215833e-001
  3.6765423e-001
  1.8547790e-002
  2.9998508e-001
  3.5357671e-001
  0.0000000e+000
  3.3725242e-001
  4.5475603e-001
  3.3745018e-002
  1.8627068e-001
  5.0594373e-001
  2.9302418e-001
  3.3466702e-001
  3.1733336e-002
  5.8407718e-002
  4.1383703e-001
  2.7482028e-001
  5.4019494e-001
  2.3632579e-001
  1.8350534e-001
  4.2580310e-001
  0.0000000e+000
  3.2890380e-002
  0.0000000e+000
  3.8666845e-001
  2.1769129e-001
  4.6109750e-001
  7.9028554e-002
  9.2813840e-002
  1.3137548e-001
  1.5406129e-001
  5.4451240e-001
  5.3243201e-001
  5.7812991e-003
  3.4638861e-001
  1.4061704e-001
  4.5223727e-001
  2.0868259e-001
  0.0000000e+000
  4.4579600e-001
  0.0000000e+000
  1.3000316e-002
  4.0983260e-001
  1.6425851e-001
  0.0000000e+000
  2.8970134e-001
  2.3584008e-001
  1.2698282e-001
  2.0247349e-001
  0.0000000e+000
  0.0000000e+000
  0.0000000e+000
  8.6844124e-004
  2.2572094e-001
  4.6467758e-002
  3.5051780e-001
  2.9030921e-001
  6.1070399e-002
  4.5714549e-001
  4.3551813e-001
  0.0000000e+000
  7.1781325e-002
  0.0000000e+000
  2.8304076e-001
  2.6439619e-001
  1.1128210e-001
  6.0156940e-001
  3.4207257e-002
  1.2730865e-002
  1.3503218e-001
  0.0000000e+000
  0.0000000e+000
  2.2457384e-001
  3.4243077e-001
  1.3138228e-001
  2.6636695e-001
  0.0000000e+000
  2.0249504e-001
  1.0622990e-001
  9.9685990e-002
  1.9300979e-001
  2.0587819e-001
  0.0000000e+000
  5.6610903e-001
  1.8924752e-001
  3.6963527e-001
  4.1079910e-001
  0.0000000e+000
  3.1296294e-001
  0.0000000e+000
  1.7300126e-001
  0.0000000e+000
  2.2792619e-001
  0.0000000e+000
  1.3392622e-002
  3.9732741e-001
  0.0000000e+000
  3.9731964e-001
  2.6035038e-001
  1.2992991e-001
  4.6103005e-001
  9.5364792e-002
  4.5482569e-001
  0.0000000e+000
  1.1640742e-001
  2.4492061e-001
  2.9402070e-001
  1.3627574e-001
  3.7573692e-001
  1.1451692e-001
  0.0000000e+000
  1.5597934e-001
  2.7651129e-001
  6.0654141e-001
  2.3518678e-001
  6.5357141e-001
  2.1395032e-001
  1.5343317e-001
  0.0000000e+000
  0.0000000e+000
  1.9607004e-001
  9.8053754e-002
  3.6589917e-001
  4.3245595e-001
  1.5898185e-001
  8.9998017e-002
  0.0000000e+000
  1.5828720e-001
  0.0000000e+000
  2.9731234e-001
  2.1540521e-001
  0.0000000e+000
  0.0000000e+000
  2.5973607e-001
  0.0000000e+000
  8.5829023e-002
  6.8679642e-002
  2.8136820e-001
  1.4512349e-001
  2.4264712e-001
  1.1938786e-001
  2.9381590e-001
  1.4164432e-001
  7.7429335e-002
  1.0170964e-001
  3.3578858e-001
  9.1510707e-002
  5.0344091e-002
  4.5231493e-002
  4.9637487e-001
  0.0000000e+000
  1.4067773e-001
  5.2702997e-001
  2.2768750e-001
  1.2842856e-001
  4.3998267e-002
  0.0000000e+000
  3.4041014e-001
  2.6631781e-001
  6.2015471e-001
  1.5992899e-001
  3.5024396e-001
  1.7538855e-001
  2.4587617e-001
  2.6670895e-001
  0.0000000e+000
  2.6355044e-001
  4.3981751e-001
  4.1790526e-001
  2.8309076e-002
  2.1549282e-001
  6.3130234e-001
  3.2787266e-001
  2.9272484e-001
  1.1643902e-001
  0.0000000e+000
  3.3105653e-001
  5.2038312e-002
  7.4270778e-002
  5.0008847e-001
  4.5557510e-001
  3.2113338e-001
  1.0764191e-002
  1.5989192e-001
  1.5655342e-001
  1.1224132e-001
  6.6564453e-002
  3.5541956e-001
  1.6784379e-001
  1.4751969e-002
  3.2341303e-001
  1.1618210e-001
  3.5061783e-001
  5.2219957e-002
  1.1484920e-001
  1.0180243e-001
  4.0132511e-001
  8.6460360e-002
  0.0000000e+000
  3.2883078e-002
  0.0000000e+000
  0.0000000e+000
  0.0000000e+000
  3.8288137e-001
  0.0000000e+000
  4.8154326e-001
  1.7063175e-001
  3.8116341e-001
  8.9067951e-002
  5.0059400e-001
  0.0000000e+000
  3.1158492e-001
  9.3623634e-002
  3.1818512e-001
  6.7614423e-002
  1.2543509e-001
  4.3394146e-001
  9.3416818e-003
  0.0000000e+000
  0.0000000e+000
  0.0000000e+000
  1.7228970e-001
  3.3549226e-002
  7.2659236e-002
  9.3535053e-002
  0.0000000e+000
  3.6986950e-001
  3.9825006e-001
  0.0000000e+000
  2.8429179e-001
  8.6547403e-002
  0.0000000e+000
  7.4522994e-002
  2.9146819e-001
  0.0000000e+000
  3.3530934e-001
  1.3899176e-001
  3.2256834e-001
  3.4576946e-001
  0.0000000e+000
  2.2360917e-002
  1.4541277e-001
  3.2407566e-001
  2.8705193e-001
  0.0000000e+000
  2.8868587e-001
  4.7186352e-003
  1.1564431e-001
  7.1521265e-002
  3.4273006e-001
  6.5253292e-003
  7.1488598e-001
  4.9569986e-001
  4.5384761e-001
  1.5606461e-001
  0.0000000e+000
  4.3024514e-002
  2.2962848e-002
  2.8517825e-001
  3.0490172e-001
  1.4410403e-001
  0.0000000e+000
  0.0000000e+000
  6.6890362e-002
  6.7836243e-001
  2.3811236e-001
  3.9002062e-001
  0.0000000e+000
  0.0000000e+000
  3.3407748e-001
  5.5873233e-002
  0.0000000e+000
  4.1221121e-001
  1.0021491e-001
  2.8453893e-001
  2.4834700e-001
  0.0000000e+000
  4.6894016e-001
  2.4709873e-002
  5.3010727e-001
  1.2042077e-001
  3.0453593e-001
  2.8427091e-001
  4.2237524e-001
  0.0000000e+000
  3.7204082e-001
  3.8870417e-001
  0.0000000e+000
  0.0000000e+000
  3.6487780e-001
  3.1315584e-001
  2.1221306e-001
  5.2708949e-001
  3.8214649e-001
  0.0000000e+000
  0.0000000e+000
  9.6959168e-002
  2.9030964e-001
  5.4778346e-002
  2.1270403e-001
  6.9506069e-002
  1.8959780e-001
  2.6769109e-001
  1.1846077e-001
  3.9398798e-001
  4.8302742e-001
  1.1433786e-001
  1.8067833e-001
  2.0033439e-001
  1.6287029e-002
  1.6356931e-001
  1.7178761e-001
  2.2068288e-001
  0.0000000e+000
  1.4735654e-001
  1.9199243e-001
  1.9614344e-001
  0.0000000e+000
  3.5234869e-001
  1.6347469e-001
  3.5317830e-001
  1.1690272e-001
  1.6819462e-002
  1.8805968e-001
  0.0000000e+000
  0.0000000e+000
  6.8242553e-001
  4.2989906e-002
  4.3980875e-002
  2.8751660e-001
  3.3753114e-001
  0.0000000e+000
  1.4174911e-001
  0.0000000e+000
  4.3983708e-001
  2.1631667e-001
  1.6078794e-001
  0.0000000e+000
  2.8808487e-002
  1.8870913e-001
  5.0415932e-001
  1.7033440e-001
  6.1145261e-002
  1.1677315e-001
  3.4317071e-001
  0.0000000e+000
  1.3580973e-001
  0.0000000e+000
  2.5200191e-001
  3.8368063e-001
  2.2025488e-001
  3.2015859e-001
  2.2779380e-001
  2.1993130e-001
  2.6018398e-002
  6.3040061e-004
  5.1713834e-003
  1.2545137e-001
  0.0000000e+000
  1.7263754e-001
  2.0776570e-001
  1.5995911e-002
  4.3898406e-001
  0.0000000e+000
  9.0899975e-002
  2.5285404e-001
  1.2990433e-001
  3.7075516e-001
  4.1308950e-001
  0.0000000e+000
  2.7335827e-001
  0.0000000e+000
  2.3312392e-001
  1.7253114e-001
  0.0000000e+000
  1.5841346e-001
  2.5073810e-001
  7.3910267e-002
  7.8649888e-002
  0.0000000e+000
  2.3318947e-001
  9.3501222e-002
  2.2616267e-001
  7.8219065e-003
  3.9998734e-001
  2.3081754e-001
  2.0706371e-001
  4.2117507e-001
  2.6997715e-001
  1.9488433e-001
  3.5678095e-001
  2.0199944e-001
  2.4907987e-001
  3.7524577e-001
  4.2052751e-001
  1.4101586e-001
  4.3870205e-001
  0.0000000e+000
  2.8337522e-002
  2.7964755e-001
  2.8797202e-001
  2.1441950e-001
  5.7941558e-001
  4.4233383e-001
  1.2801612e-001
  5.1144343e-001
  1.7405589e-001
  1.6145965e-001
  0.0000000e+000
  0.0000000e+000
  2.7823318e-002
  1.0196920e-001
  4.9931923e-001
  3.7221205e-001
  1.2439879e-001
  0.0000000e+000
  0.0000000e+000
  3.9786082e-001
  4.6856342e-001
  1.0655003e-001
  2.1001415e-001
  1.5886766e-001
  3.0925057e-001
  3.4964538e-001
  1.4162287e-001
  1.3808377e-002
  3.3763562e-001
  1.2936335e-001
  3.5571497e-001
  2.1130059e-001
  1.8801227e-001
  1.9223761e-001
  1.4188714e-001
  3.7007276e-001
  7.0180453e-002
  1.0056065e-001
  2.9172393e-001
  0.0000000e+000
  2.2866696e-001
  8.5257351e-002
  0.0000000e+000
  1.9290289e-001
  2.5097609e-001
  2.5017681e-001
  4.2619990e-001
  2.3774478e-001
  1.0869542e-001
  1.0353297e-001
  1.3219374e-001
  3.4646315e-001
  1.5173655e-001
  1.0559621e-001
  2.9788368e-001
  3.2001499e-001
  0.0000000e+000
  2.8598915e-002
  3.0842833e-001
  2.7619774e-001
  2.1120532e-001
  9.6897333e-002
  1.8310509e-001
  0.0000000e+000
  1.7953556e-002
  2.8610968e-001
  4.8570787e-001
  2.9885814e-001
  2.3024131e-001
  0.0000000e+000
  3.2543007e-002
  3.1612774e-001
  3.7223130e-001
  2.0354726e-001
  3.2642255e-001
  0.0000000e+000
  1.2436324e-001
  3.9073909e-002
  1.8774450e-001
  3.5105585e-001
  1.1147531e-001
  0.0000000e+000
  0.0000000e+000
  1.4694753e-001
  1.0955638e-001
  5.5963357e-002
  4.4645274e-001
  4.3711691e-001
  0.0000000e+000
  2.7598987e-001
  0.0000000e+000
  0.0000000e+000
  2.2070919e-001
  6.6736488e-001
  1.2237280e-001
  7.4415454e-002
  3.8719758e-002
  2.2955984e-001
  1.1780752e-001
  2.0214297e-002
  1.7092600e-001
  4.3641000e-001
  4.3416163e-002
  8.0372926e-002
  0.0000000e+000
  0.0000000e+000
  2.3448066e-001
  3.2117086e-001
  1.0499225e-002
  3.4756721e-001
  0.0000000e+000
  3.9213342e-001
  4.2456168e-001
  1.2417160e-001
  7.3285111e-004
  2.6928962e-001
  1.1549037e-001
  2.5087605e-001
  1.1472501e-002
  3.8222848e-001
  2.5453868e-002
  2.2893531e-001
  5.1016257e-001
  6.5855936e-002
  2.2499243e-001
  6.4767005e-001
  1.8883736e-001
  2.5990490e-001
  2.4538074e-001
  0.0000000e+000
  1.5273790e-001
  2.3854011e-001
  0.0000000e+000
  2.4699050e-002
  3.1226247e-001
  0.0000000e+000
  0.0000000e+000
  3.8631259e-001
  1.1480440e-002
  7.9202419e-002
  2.1360372e-001
  2.5527943e-001
  4.1939243e-001
  4.0306152e-002
  2.4500732e-001
  3.1714451e-001
  1.6047443e-001
  2.9266706e-001
  4.7274213e-002
  3.7937887e-001
  0.0000000e+000
  2.8746409e-001
  2.6655332e-001
  2.7827353e-001
  7.1346471e-002
  0.0000000e+000
  0.0000000e+000
  0.0000000e+000
  2.3513944e-001
  3.2765641e-001
  2.7700625e-001
  0.0000000e+000
  2.7196170e-001
  2.3491675e-001
  8.3963706e-002
  2.0549274e-001
  0.0000000e+000
  2.2682919e-001
  2.8611685e-001
  1.0828902e-001
  2.4025065e-001
  2.2493772e-001
  1.5758664e-001
  3.9642019e-001
  4.1185119e-001
  0.0000000e+000
  1.4172012e-001
  2.6637123e-001
  3.5945047e-004
  0.0000000e+000
  0.0000000e+000
  2.0626641e-001
  5.4344701e-001
  2.9592866e-001
  4.5582837e-001
  2.0308151e-001
  5.6741037e-001
  1.6723047e-001
  5.5250537e-001
  2.7524205e-001
  0.0000000e+000
  1.3697081e-001
  3.1244631e-001
  0.0000000e+000
  3.5684978e-001
  9.2988771e-002
  3.4795677e-002
  2.3949666e-001
  4.9038849e-001
  1.8011951e-002
  1.5239381e-001
  2.3198643e-002
  1.3805461e-001
  5.7217061e-002
  2.7762825e-001
  1.4648415e-001
  1.6054735e-001
  0.0000000e+000
  8.5794694e-002
  3.0459818e-001
  3.6440063e-001
  6.6717226e-002
  1.2908186e-001
  5.8284820e-001
  3.1346486e-001
  0.0000000e+000
  2.3822938e-001
  1.1696702e-001
  0.0000000e+000
  2.3595850e-001
  2.5045991e-001
  1.4459312e-001
  4.0930296e-001
  4.6207646e-002
  3.2936409e-001
  0.0000000e+000
  0.0000000e+000
  1.0764713e-001
  3.6008939e-001
  2.3718552e-001
  1.1409056e-001
  0.0000000e+000
  3.5455187e-001
  4.0572092e-001
  2.8020623e-001
  2.2764959e-001
  3.5284028e-002
  2.5398891e-001
  0.0000000e+000
  8.8784656e-002
  2.2143443e-001
  1.2289563e-002
  3.8202745e-001
  2.2990652e-001
  9.9137744e-002
  4.8791401e-002
  0.0000000e+000
  3.3520233e-001
  4.5529083e-001
  0.0000000e+000
  1.6211290e-001
  0.0000000e+000
  1.7397767e-001
  2.7896466e-001
  2.7311817e-001
  4.1504022e-001
  2.2864007e-001
  2.7043378e-001
  0.0000000e+000
  1.2667738e-001
  0.0000000e+000
  4.6690415e-001
  3.5721543e-001
  5.4148043e-002
  3.4836457e-001
  7.4107609e-002
  4.4100385e-001
  3.0600586e-001
  3.1662917e-001
  3.9483495e-001
  4.4928095e-001
  2.0799170e-001
  3.6060344e-001
  2.0891121e-001
  3.7677054e-001
  4.1662128e-001
  1.2889006e-001
  0.0000000e+000
  4.6166559e-001
  2.2235678e-001
  5.3416035e-002
  1.1250139e-001
  1.7523792e-001
  3.0779837e-001
  1.7312946e-002
  2.0730267e-001
  1.1287498e-001
  8.4177612e-002
  4.5125918e-001
  0.0000000e+000
  1.3013309e-001
  4.8430493e-002
  3.4291757e-001
  4.2489446e-001
  2.9698024e-002
  4.4260889e-001
  6.1987367e-001
  2.0567800e-001
  4.1586894e-003
  2.2805637e-001
  1.6132543e-001
  0.0000000e+000
  1.5923560e-001
  1.7989533e-001
  1.7571559e-001
  3.5443202e-001
  2.2033175e-002
  4.3195355e-001
  0.0000000e+000
  9.8143388e-002
  0.0000000e+000
  8.1900485e-003
  0.0000000e+000
  2.8238583e-001
  1.5439553e-001
  1.7104501e-001
  2.8813089e-001
  0.0000000e+000
  1.7745500e-001
  1.9598537e-001
  3.0501231e-001
  0.0000000e+000
  1.8293938e-001
  3.9661920e-001
  3.0673732e-001
  2.2383625e-001
  0.0000000e+000
  0.0000000e+000
  8.1901223e-002
  2.3399937e-001
  1.8866270e-002
  2.4818052e-001
  0.0000000e+000
  5.2847444e-001
  1.0425639e-001
  2.7187071e-001
  0.0000000e+000
  2.2999720e-001
  2.0613059e-001
  1.0336118e-002
  6.5131439e-001
  2.1017215e-001
  2.4410757e-001
  0.0000000e+000
  1.0815633e-001
  1.5391388e-001
  3.1243599e-001
  4.1937489e-001
  6.4778071e-001
  2.9671930e-001
  3.5948446e-001
  1.8289897e-001
  2.9261800e-001
  9.7890042e-003
  3.7613901e-002
  2.7553548e-001
  1.9644825e-001
  3.6886794e-001
  4.5352081e-001
  1.3787758e-001
  1.3166758e-001
  9.0183066e-002
  5.0320852e-002
  3.5300185e-001
  0.0000000e+000
  4.2131924e-001
  2.9639639e-001
  1.0860264e-001
  1.9963842e-001
  1.8851362e-001
  0.0000000e+000
  3.5625085e-001
  2.8619115e-001
  3.3293640e-002
  0.0000000e+000
  2.1513765e-001
  2.5494160e-002
  4.0559831e-001
  0.0000000e+000
  3.4229460e-001
  1.5861049e-001
  1.3044456e-001
  8.3321422e-002
  3.6278766e-001
  2.7194251e-001
  1.7615598e-001
  1.1082468e-001
  0.0000000e+000
  6.4050348e-001
  6.6559885e-003
  3.7181317e-001
  2.3982201e-001
  6.4473833e-002
  0.0000000e+000
  2.6873174e-001
  0.0000000e+000
  5.8870515e-002
  1.9730555e-001
  3.3693766e-001
  2.3824728e-001
  8.0446954e-002
  1.4606146e-001
  2.9948842e-001
  3.1620407e-001
  2.5938231e-001
  3.5235841e-001
  2.5927540e-001
  1.1887652e-001
  7.3904424e-002
  6.4311414e-001
  3.1199757e-001
  5.0837860e-002
  0.0000000e+000
  0.0000000e+000
  1.2926950e-001
  0.0000000e+000
  3.7764399e-001
  2.3546550e-001
  3.6583651e-001
  0.0000000e+000
  0.0000000e+000
  2.2141352e-003
  1.8364403e-001
  1.9002060e-001
  2.0899514e-002
  1.7876270e-001
  5.6614239e-001
  4.0398380e-001
  4.5260409e-001
  5.5622337e-001
  9.7479293e-002
  0.0000000e+000
  5.1041768e-001
  5.8819447e-001
  7.9581490e-002
  5.6259878e-001
  2.9649358e-001
  4.6209019e-001
  2.5238773e-001
  2.0882105e-001
  0.0000000e+000
  1.2926674e-001
  2.4124149e-001
  2.2489342e-001
  0.0000000e+000
  1.3741339e-001
  5.9531487e-001
  0.0000000e+000
  1.4390051e-001
  3.1778380e-001
  1.9167744e-001
  3.6645973e-001
  2.1622937e-001
  3.8338379e-001
  0.0000000e+000
  0.0000000e+000
  1.2653754e-001
  3.9924640e-001
  2.6916360e-001
  1.4032067e-001
  2.1303828e-002
  5.8073419e-002
  4.2723788e-001
  0.0000000e+000
  0.0000000e+000
  0.0000000e+000
  2.2507159e-001
  0.0000000e+000
  4.2260323e-002
  1.0552866e-001
  5.1791673e-001
  1.6102091e-001
  0.0000000e+000
  0.0000000e+000
  5.9721566e-002
  2.4120991e-002
  1.3816098e-003
  4.3218594e-001
  2.8565397e-001
  3.2771077e-001
  0.0000000e+000
  3.4121492e-001
  5.7011256e-001
  1.2417130e-001
  4.5917928e-001
  2.0929601e-001
  0.0000000e+000
  2.0259538e-001
  2.6566052e-001
  2.0499559e-001
  1.4161681e-001
  5.3626364e-001
  5.0038799e-001
  1.4870612e-001
  1.2575350e-001
  2.3711882e-001
  1.0504246e-001
  1.5102644e-001
  1.0441492e-001
  4.5189543e-003
  4.5453457e-001
  1.7679615e-001
  1.4777136e-001
  9.1398230e-002
  2.3407778e-001
  1.5748140e-001
  2.2852173e-001
  2.1919314e-001
  2.8751594e-001
  2.8085607e-001
  2.0102366e-002
  2.5510176e-002
  6.1619489e-002
  4.0238931e-001
  6.0607768e-001
  1.4544652e-001
  2.9760743e-001
  2.9648304e-001
  1.0440813e-001
  5.1662000e-002
  1.7894264e-001
  3.2544275e-001
  2.7558082e-001
  3.6817610e-001
  2.6897869e-001
  4.1781227e-001
  1.5136893e-001
  3.2678538e-001
  1.0031019e-001
  1.4026979e-001
  2.7733364e-001
  5.5680588e-002
  1.3826350e-001
  2.3035165e-001
  0.0000000e+000
  0.0000000e+000
  4.4644078e-001
  8.3562377e-002
  1.6572193e-001
  5.4047605e-001
  1.9298479e-001
  0.0000000e+000
  2.5666605e-001
  5.0093795e-002
  1.5333354e-001
  0.0000000e+000
  1.3155877e-001
  3.8118177e-001
  2.7031527e-001
  1.7930479e-001
  0.0000000e+000
  0.0000000e+000
  2.2671666e-001
  3.8189908e-001
  3.0085432e-001
  1.5692564e-001
  0.0000000e+000
  1.5831266e-001
  0.0000000e+000
  3.5948260e-001
  3.4978422e-001
  1.6600352e-001
  9.2644754e-002
  0.0000000e+000
  4.3573800e-001
  3.1259728e-001
  1.9890153e-001
  2.3718486e-001
  0.0000000e+000
  5.2576146e-002
  1.8680278e-001
  2.1810430e-001
  3.1231540e-001
